0, 0;
1, 1;
2, 2;
3, 3;
4, 4;
5, 5;
6, 6;
7, 7;
16, 8;
17, 9;
18, 10;
19, 11;
20, 12;
21, 13;
22, 14;
23, 15;
32, 16;
33, 17;
34, 18;
35, 19;
36, 20;
37, 21;
38, 22;
39, 23;
48, 24;
49, 25;
50, 26;
51, 27;
52, 28;
53, 29;
54, 30;
55, 31;
64, 32;
65, 33;
66, 34;
67, 35;
68, 36;
69, 37;
70, 38;
71, 39;
80, 40;
81, 41;
82, 42;
83, 43;
84, 44;
85, 45;
86, 46;
87, 47;
96, 48;
97, 49;
98, 50;
99, 51;
100, 52;
101, 53;
102, 54;
103, 55;
112, 56;
113, 57;
114, 58;
115, 59;
116, 60;
117, 61;
118, 62;
119, 63;
